
$orca_hessian_file

$act_atom
  0

$act_coord
  0

$act_energy
     -604.156354

$hessian
48
                    0                  1                  2                  3                  4        
    0      7.4354567506E-01  -3.8437074588E-02  -7.3264667771E-02  -2.6537361505E-01  -1.2560272790E-01
    1     -3.8437074588E-02   6.4347714645E-01  -1.1465698637E-01  -7.0222458828E-02  -1.9873715441E-01
    2     -7.3264667771E-02  -1.1465698637E-01   1.6982779501E-01   4.4710488429E-02   5.0289517790E-02
    3     -2.6537361505E-01  -7.0222458828E-02   4.4710488429E-02   6.5947721280E-01  -5.0626781353E-03
    4     -1.2560272790E-01  -1.9873715441E-01   5.0289517790E-02  -5.0626781353E-03   7.2317477677E-01
    5      5.7731940447E-02   4.2802197972E-02  -7.4884245712E-02  -7.1554270850E-02  -1.3975316682E-01
    6     -1.2732236806E-01   2.8690200405E-02   2.2474147894E-03   3.0583782748E-02  -2.2115857511E-02
    7      7.4886953525E-02  -2.9676984486E-01   4.5547656706E-02  -6.3829577618E-02  -3.6020314177E-02
    8     -8.5612512287E-03   5.1917703031E-02  -7.0592422268E-02   1.1405611499E-02   1.2576791981E-02
    9     -5.3535536006E-02  -4.0396657078E-02   1.6844167010E-02  -2.6195275836E-01   1.1332811875E-01
   10      2.3071575968E-03   5.4721480389E-02  -1.2774415686E-02   5.5823362384E-02  -1.6294450428E-01
   11      6.8730126945E-03  -7.0810578610E-03   2.2459430201E-03   1.3847097958E-02   7.7088973068E-03
   12     -6.6796517379E-03  -1.9846146819E-02   5.3250884250E-03   1.4756155543E-02   3.3332148515E-02
   13     -1.5350415190E-02  -4.4460635332E-02   1.2079007112E-02   6.4530632142E-02  -1.2827279652E-02
   14      4.2323598819E-03   1.2709172855E-02  -5.5175038978E-03  -1.6114074351E-02   2.4143459355E-04
   15      1.1456096115E-02   6.7388180312E-02  -1.6440521979E-02  -5.3482402138E-02  -6.7713189504E-03
   16      3.2665155211E-02  -1.7069769897E-02   1.2629089389E-03  -1.5490936435E-03  -1.4590209404E-04
   17     -8.2746435993E-03  -3.4284976110E-03   8.9142302842E-03   7.3419706019E-03   4.8230769871E-04
   18      6.6566154361E-03  -2.5401951550E-02   5.4433016743E-03  -6.1773530998E-02   3.5413450619E-02
   19      3.2608959031E-03  -1.1950341752E-02   2.9579618507E-03   3.7728392353E-02  -3.2372803347E-01
   20     -1.3148759775E-03   6.8524489211E-03   1.1226742126E-03  -5.2190242934E-03   6.3068390178E-02
   21     -5.7802055387E-03  -3.3265864845E-03   1.9990886198E-03   8.2766733648E-03  -6.0664282880E-03
   22      2.3227527292E-04  -1.1144028175E-04   5.4920394940E-04   1.3243243930E-03   1.2912806830E-04
   23      1.0463449897E-03   1.0321451580E-03   1.9223295502E-03  -1.1508382886E-03   1.3544260445E-03
   24     -2.9976252048E-01   1.0566867979E-01   1.0474391570E-02  -1.5796806861E-02   9.6843042704E-03
   25      1.0490757768E-01  -9.9512021122E-02   3.2539629276E-04  -1.8299737877E-02   1.1307107694E-02
   26      1.0662546544E-02   1.5935157921E-04  -3.9069654995E-02   7.0141421775E-03  -2.9602366977E-03
   27      3.5423872777E-03  -2.9354025092E-02   5.9136976319E-03   1.1465588091E-02   6.5150885498E-03
   28     -3.2756331459E-02  -2.7608139177E-02   1.0146003157E-02   8.8791198943E-03  -5.2391990817E-03
   29      6.7168319576E-03   9.6222295228E-03  -6.5991554480E-03  -2.5015299078E-03   2.3329224685E-03
   30      3.4993586004E-04  -4.6693600447E-04  -6.4082146183E-05   1.6858650387E-03   4.9814473721E-04
   31     -8.4206911212E-04  -8.0364641299E-04   5.5518836942E-05  -3.3129422498E-04  -5.2238378191E-03
   32      2.1095058381E-05   3.4465019681E-05  -1.0400662317E-03   5.9529957956E-04   2.4380026015E-03
   33     -5.7504813394E-03   1.5954700708E-03   1.0737934088E-03  -8.7417676028E-04  -5.1855717149E-04
   34      2.1081667765E-03   1.0834051863E-03   6.0752914051E-04  -4.0447239446E-04   5.8548172966E-04
   35      9.5462313326E-04   7.4216358295E-04   4.6879285916E-03   1.8608319355E-05  -4.1589827940E-04
   36      1.5226162970E-03   1.1545751385E-02  -2.1675612237E-03  -5.6908673676E-02  -2.7285151251E-02
   37      2.8953779727E-03   5.7938444634E-04   7.7404747318E-04  -4.4208313891E-03   1.0075796396E-02
   38     -1.5143987559E-04  -5.0984513918E-04   5.5618520114E-03   9.4208577630E-03   2.3864345657E-03
   39      2.0937440593E-03   2.7792044599E-03  -1.1617781597E-03  -5.6293836760E-03  -2.2794156205E-03
   40     -1.4927354178E-04   1.4711310430E-04  -2.7659596429E-04  -4.1687161094E-04  -4.8174624645E-04
   41     -4.1309060830E-04  -6.9083482926E-04  -8.9089650547E-04   9.1231380552E-04   4.5560670497E-04
   42     -1.1208007847E-04   8.5877966752E-03  -1.8070316388E-03  -3.7798963817E-03  -6.1094331464E-04
   43     -4.4506490877E-03  -8.5294671167E-03   2.8041576266E-03   9.0031103788E-04   2.1018924612E-03
   44      1.2359735679E-03   1.1236324340E-03   6.8442318139E-04   1.7217493662E-04  -6.2236667923E-04
   45     -4.8833272943E-03   1.2929168880E-03   8.5591158827E-04  -4.4036267914E-04  -2.4884608282E-03
   46     -5.9190516349E-03   5.5782367589E-03   3.3239862930E-04  -4.0618239191E-03  -2.0165013175E-03
   47      2.5497855998E-03  -5.9485253115E-04   3.5950971497E-03   8.3080223562E-04   4.7979214809E-04
                    5                  6                  7                  8                  9        
    0      5.7731940447E-02  -1.2732236806E-01   7.4886953525E-02  -8.5612512287E-03  -5.3535536006E-02
    1      4.2802197972E-02   2.8690200405E-02  -2.9676984486E-01   5.1917703031E-02  -4.0396657078E-02
    2     -7.4884245712E-02   2.2474147894E-03   4.5547656706E-02  -7.0592422268E-02   1.6844167010E-02
    3     -7.1554270850E-02   3.0583782748E-02  -6.3829577618E-02   1.1405611499E-02  -2.6195275836E-01
    4     -1.3975316682E-01  -2.2115857511E-02  -3.6020314177E-02   1.2576791981E-02   1.1332811875E-01
    5      1.6761281990E-01   1.7298411131E-03   1.8257402091E-02   3.3212313550E-04   2.6507109643E-04
    6      1.7298411131E-03   6.0942142985E-01  -1.1239959085E-01  -3.7522476529E-02  -1.5726847309E-02
    7      1.8257402091E-02  -1.1239959085E-01   6.4835876594E-01  -1.0554750223E-01   3.3410169373E-02
    8      3.3212313550E-04  -3.7522476529E-02  -1.0554750223E-01   1.6319311150E-01  -6.4228655132E-03
    9      2.6507109643E-04  -1.5726847309E-02   3.3410169373E-02  -6.4228655132E-03   6.5729226587E-01
   10      1.5464502514E-02   3.4799118622E-02  -3.5272232920E-02   2.2443233781E-03  -2.6419894097E-02
   11     -6.8292549403E-02  -6.9094821474E-03   2.3250050506E-03  -5.4869999854E-03  -6.3395134427E-02
   12     -8.8159377340E-03  -5.6534064809E-02   2.8062011696E-03   7.6216964138E-03  -1.2746303533E-01
   13     -3.9485270271E-03  -3.9117193818E-02   4.6058086495E-02  -4.4086746706E-03   1.7057704533E-02
   14      9.5477098772E-03   1.7661504607E-02  -9.9587191574E-03   5.0785650675E-03   4.3117345240E-03
   15      8.5592367817E-03  -2.6641795749E-01   6.7245627095E-02   1.2038093709E-02   3.7428696799E-02
   16     -2.1600305095E-04   1.1389567545E-01  -1.6381328130E-01   8.9516161413E-03  -2.2966091939E-02
   17     -3.1012048717E-03   1.1289886893E-03   1.5178630926E-02  -6.3597603610E-02   8.0480191382E-04
   18     -4.6563509272E-03  -3.4815915344E-03  -1.7968889580E-03   1.9232871712E-03   8.6543008941E-05
   19      6.2634536758E-02  -2.6981983674E-03   1.1735349852E-03   1.8954099618E-03  -2.1346221039E-03
   20     -4.9208534719E-02   2.3324437358E-03   1.5274798440E-03   7.0005001094E-03   9.7499469918E-04
   21      6.6245298928E-04   1.0833576016E-02   8.4104164403E-03  -3.2268082917E-03  -9.3748261530E-02
   22      3.7037069112E-04  -1.7182214178E-03  -2.3472101834E-04   2.9719647035E-04  -1.0449511584E-02
   23      2.2302099166E-03  -1.1679929988E-03  -1.1120573675E-03   4.8590106539E-04   1.3436339623E-02
   24      4.3503690188E-04  -2.1940649010E-04   2.2095975677E-03   9.6898640998E-05  -3.8172139045E-04
   25      8.0658804354E-04   2.8040995029E-02  -5.9883888198E-03  -1.4624606213E-03  -2.2307825134E-03
   26      3.9759569635E-03  -6.0290671165E-03   2.1404830751E-03   4.3888041345E-03   1.6963851567E-03
   27     -1.9633410517E-03  -1.0754708953E-01   1.0473379200E-03   3.4986281928E-03  -1.0613132860E-02
   28      2.0072512667E-03   7.9567493486E-04  -1.0567262494E-01   6.1210611217E-03  -3.9312706402E-03
   29      8.3864137751E-03   3.4705474532E-03   6.0123780217E-03  -8.1427127750E-02   2.2182130780E-03
   30      3.7797528936E-04  -7.7064119876E-04  -3.6386147477E-03   2.0368931503E-03  -2.6013936880E-03
   31      2.5468417288E-03  -2.5903287878E-03  -1.3843873156E-03   2.4677032857E-03   2.8840847273E-02
   32      4.7298334003E-03   1.7597083681E-03   2.6023552527E-03   6.8466752458E-03  -5.9623955071E-03
   33      4.9959531915E-05   2.3994401813E-03   2.7231959757E-02  -6.1849174518E-03  -3.0380924356E-03
   34     -4.2612887529E-04   1.4667226112E-03  -8.3053088290E-03   2.6980888482E-03  -1.9024250856E-03
   35     -1.3249620259E-03  -1.0949811243E-04  -7.3128681963E-04   4.1518377221E-03   1.9913777416E-03
   36      1.4860306771E-02  -1.1488775551E-02  -8.2981025590E-03   3.3092658354E-03  -1.6231571588E-01
   37     -7.0062419457E-04  -4.8337727015E-03  -1.2204390693E-03   8.1839293562E-04  -8.3128073513E-02
   38      2.5201497296E-03   2.6741133595E-03   1.3183729686E-03  -1.2538228346E-03   3.7589997417E-02
   39      1.2836612165E-03  -5.5069299581E-03  -5.0362737845E-03   1.8561566904E-03   3.1154743242E-02
   40      1.7157595462E-04   2.5135458361E-04  -1.1049713371E-04  -1.8279740679E-05  -2.2858619383E-03
   41     -2.0493529964E-04   7.3077241253E-04   7.1274445751E-04  -3.0007365118E-04  -2.7968922856E-03
   42      5.4410502078E-04  -7.2264192310E-02   6.5120138918E-03   1.0664553472E-02   3.6037320636E-03
   43     -8.0089784419E-04  -4.3842840492E-03   2.0295427748E-02   3.6401578860E-04  -1.3311696135E-03
   44     -6.9665629339E-04   1.3290970135E-02  -1.0230025531E-03   1.7780296984E-02  -1.6403147505E-04
   45      4.6559118825E-04   1.3984809806E-02  -2.8610349701E-02   7.4426639829E-03   1.5618089466E-03
   46      7.0052677587E-04  -1.7529792076E-02  -6.1527558260E-02   2.1119620888E-02   4.8695226234E-03
   47     -1.6047347908E-03   4.8573736899E-03   2.2719442553E-02   1.3426318369E-02  -1.3689467715E-03
                   10                 11                 12                 13                 14        
    0      2.3071575968E-03   6.8730126945E-03  -6.6796517379E-03  -1.5350415190E-02   4.2323598819E-03
    1      5.4721480389E-02  -7.0810578610E-03  -1.9846146819E-02  -4.4460635332E-02   1.2709172855E-02
    2     -1.2774415686E-02   2.2459430201E-03   5.3250884250E-03   1.2079007112E-02  -5.5175038978E-03
    3      5.5823362384E-02   1.3847097958E-02   1.4756155543E-02   6.4530632142E-02  -1.6114074351E-02
    4     -1.6294450428E-01   7.7088973068E-03   3.3332148515E-02  -1.2827279652E-02   2.4143459355E-04
    5      1.5464502514E-02  -6.8292549403E-02  -8.8159377340E-03  -3.9485270271E-03   9.5477098772E-03
    6      3.4799118622E-02  -6.9094821474E-03  -5.6534064809E-02  -3.9117193818E-02   1.7661504607E-02
    7     -3.5272232920E-02   2.3250050506E-03   2.8062011696E-03   4.6058086495E-02  -9.9587191574E-03
    8      2.2443233781E-03  -5.4869999854E-03   7.6216964138E-03  -4.4086746706E-03   5.0785650675E-03
    9     -2.6419894097E-02  -6.3395134427E-02  -1.2746303533E-01   1.7057704533E-02   4.3117345240E-03
   10      6.1736035225E-01  -1.0727290235E-01   7.4904075991E-02  -2.7653039204E-01   3.9885094417E-02
   11     -1.0727290235E-01   1.8149279478E-01  -9.2951750770E-03   4.7853880701E-02  -7.4658448506E-02
   12      7.4904075991E-02  -9.2951750770E-03   7.4311391633E-01  -2.9991094752E-02  -7.6918007055E-02
   13     -2.7653039204E-01   4.7853880701E-02  -2.9991094752E-02   6.2621074252E-01  -1.1486187243E-01
   14      3.9885094417E-02  -7.4658448506E-02  -7.6918007055E-02  -1.1486187243E-01   1.5942010431E-01
   15     -6.7830581637E-02   1.1230243683E-02  -2.6720320022E-01  -7.1009988726E-02   4.5205847600E-02
   16     -3.4735925629E-02   1.1844695422E-02  -1.2745464927E-01  -1.9674979030E-01   5.0167286173E-02
   17      1.7909899844E-02  -2.0018043122E-03   5.8520138111E-02   4.2599313768E-02  -7.4307195161E-02
   18      2.9041397711E-02  -6.3124526040E-03  -5.2444775533E-03   1.4906834066E-03   1.1006586473E-03
   19     -8.7087299247E-03   3.2517927284E-03   2.2483581000E-03   1.0408777727E-03   7.4801992417E-04
   20     -9.5377206626E-04   3.9686036364E-03   8.4651176102E-04   6.2759466106E-04   5.1873880995E-03
   21      1.6915160478E-02   6.9254978245E-03   1.8249473094E-02   1.5621579068E-02  -5.9200347386E-03
   22     -8.6090432109E-03  -2.9370362835E-04  -1.0389331777E-02  -2.9280752717E-03   2.4014445908E-03
   23     -4.1645924270E-03  -1.6965935506E-02   4.7653204730E-05  -1.2656983160E-03   8.5379970569E-04
   24     -2.6176059411E-03   1.8208264567E-03   3.1104987869E-04  -8.3177180920E-04  -5.4828098416E-05
   25     -1.2651414504E-03   2.5957868096E-03  -8.5244266678E-04  -5.3837993197E-04  -5.7625683010E-05
   26      2.6624348403E-03   7.6690839008E-03  -2.6881837603E-05  -8.9763237564E-05  -1.3121292011E-03
   27     -3.4942452147E-03   2.2008925679E-03  -2.4439929474E-04   1.1799016780E-02  -1.7768528819E-03
   28     -7.8179553761E-03   2.1767544812E-03   9.8733222784E-03   5.9540124341E-03  -8.2110594375E-04
   29      2.0516020497E-03  -1.9926248018E-03  -1.1760992630E-03  -1.0131467208E-03   8.8856621752E-03
   30     -2.7636150266E-03   1.4990984879E-03  -2.9313411003E-01   1.0396306518E-01   1.0551034249E-02
   31     -8.5487793708E-03  -1.0603896197E-03   1.0269529581E-01  -9.9795817605E-02   1.4611052099E-03
   32      3.2135684425E-03   3.6927085006E-03   1.0826600241E-02   1.3307940950E-03  -3.5961720120E-02
   33     -1.7497143167E-03   1.9671753214E-03   6.9607010106E-03  -2.4609268163E-02   5.4253505310E-03
   34      1.2209787512E-03   1.9664687652E-03   3.1175830727E-03  -1.0533425919E-02   3.0793175748E-03
   35      1.9505555358E-03   7.7766570948E-03  -1.0746969928E-03   6.8348963667E-03   2.8068798220E-03
   36     -1.1849825786E-01   4.5731726646E-02  -1.7799088830E-02  -2.6343904461E-02   9.6687933362E-03
   37     -1.3314351339E-01   3.5321940347E-02  -3.8601155360E-02  -3.3513235877E-02   1.5025190567E-02
   38      4.0354906392E-02  -4.5988794257E-02   1.2699136771E-02   1.3401481575E-02   2.9890540471E-03
   39      6.6304467182E-03  -4.7416814900E-03  -7.2681737877E-03  -3.5181237408E-03   1.7389160568E-03
   40      1.5652556548E-03   1.7142071211E-03   2.0336716848E-03   1.1198410423E-03  -6.3133117222E-04
   41      4.6432793302E-04   7.8032947631E-03   5.1252623790E-04   1.5734119336E-04  -4.7919286609E-04
   42      4.0247625698E-03  -1.4517470133E-03  -3.7269415102E-03  -3.0247149540E-03   1.0718720615E-03
   43      4.6808801239E-04   9.5661402328E-05  -1.6273613498E-03   1.0923073897E-03  -3.4701770863E-04
   44     -6.1624864405E-04   3.1624640770E-04   6.8701180411E-04  -1.6466011707E-04  -1.4595920662E-03
   45     -1.0962932346E-03   4.9097811016E-05   1.8784741411E-03  -5.2185679886E-04  -2.1418986465E-04
   46      2.3611383540E-03  -1.2209309966E-03  -2.2822832114E-03  -3.3291064176E-03   8.9917861208E-04
   47     -3.6103166902E-04   4.0611157550E-04   1.9363354109E-04   6.5857969002E-04  -1.0228207232E-03
                   15                 16                 17                 18                 19        
    0      1.1456096115E-02   3.2665155211E-02  -8.2746435993E-03   6.6566154361E-03   3.2608959031E-03
    1      6.7388180312E-02  -1.7069769897E-02  -3.4284976110E-03  -2.5401951550E-02  -1.1950341752E-02
    2     -1.6440521979E-02   1.2629089389E-03   8.9142302842E-03   5.4433016743E-03   2.9579618507E-03
    3     -5.3482402138E-02  -1.5490936435E-03   7.3419706019E-03  -6.1773530998E-02   3.7728392353E-02
    4     -6.7713189504E-03  -1.4590209404E-04   4.8230769871E-04   3.5413450619E-02  -3.2372803347E-01
    5      8.5592367817E-03  -2.1600305095E-04  -3.1012048717E-03  -4.6563509272E-03   6.2634536758E-02
    6     -2.6641795749E-01   1.1389567545E-01   1.1289886893E-03  -3.4815915344E-03  -2.6981983674E-03
    7      6.7245627095E-02  -1.6381328130E-01   1.5178630926E-02  -1.7968889580E-03   1.1735349852E-03
    8      1.2038093709E-02   8.9516161413E-03  -6.3597603610E-02   1.9232871712E-03   1.8954099618E-03
    9      3.7428696799E-02  -2.2966091939E-02   8.0480191382E-04   8.6543008941E-05  -2.1346221039E-03
   10     -6.7830581637E-02  -3.4735925629E-02   1.7909899844E-02   2.9041397711E-02  -8.7087299247E-03
   11      1.1230243683E-02   1.1844695422E-02  -2.0018043122E-03  -6.3124526040E-03   3.2517927284E-03
   12     -2.6720320022E-01  -1.2745464927E-01   5.8520138111E-02  -5.2444775533E-03   2.2483581000E-03
   13     -7.1009988726E-02  -1.9674979030E-01   4.2599313768E-02   1.4906834066E-03   1.0408777727E-03
   14      4.5205847600E-02   5.0167286173E-02  -7.4307195161E-02   1.1006586473E-03   7.4801992417E-04
   15      6.5856294583E-01  -1.2879928838E-02  -6.8143189803E-02  -1.1439372058E-03  -4.0986934071E-05
   16     -1.2879928838E-02   7.2297453422E-01  -1.3696882883E-01  -4.0472507980E-04   7.6240089842E-04
   17     -6.8143189803E-02  -1.3696882883E-01   1.7359468084E-01   1.0614266410E-04  -3.8312435694E-04
   18     -1.1439372058E-03  -4.0472507980E-04   1.0614266410E-04   6.1639703343E-02  -3.7921540983E-02
   19     -4.0986934071E-05   7.6240089842E-04  -3.8312435694E-04  -3.7921540983E-02   3.4108772984E-01
   20      4.6866261383E-05  -2.6005625592E-04  -9.9124287007E-04   3.8758622926E-03  -6.9182698356E-02
   21     -7.0008784842E-03   4.1915370091E-05   7.5053357695E-04  -6.4748129001E-04   5.7951616485E-05
   22      2.5715325416E-03  -6.0403902418E-04   3.3678773821E-05  -1.9396445139E-04   3.3055863621E-04
   23      5.3869040986E-04   4.1622427754E-04   1.0824624828E-03   3.6746249935E-05  -2.4141768507E-04
   24      1.4307216464E-03  -1.1741605188E-05   4.5779022624E-04   9.7144847082E-04   1.2170765007E-04
   25     -4.8380694378E-04  -5.6155749418E-03   2.5794960094E-03   2.7010480681E-04   4.9504568251E-04
   26      6.3936860111E-04   2.4839249291E-03   4.3935637285E-03  -8.2806297423E-04  -1.2354742036E-03
   27     -4.3282641614E-02  -1.9807615165E-02   9.9537429882E-03   1.1194093488E-03   8.0314263277E-04
   28     -1.5935185925E-02   1.7221706687E-02  -2.6097623031E-03  -1.2146002181E-03  -2.5889691979E-04
   29      9.0699692213E-03  -2.2351860877E-03  -4.2152148460E-03   2.8377455056E-04   2.3991030429E-04
   30     -1.8213064731E-02   1.0356119058E-02   3.5790742681E-04  -3.7149543260E-05  -4.8708244962E-06
   31     -1.8635037772E-02   1.0670247592E-02   6.5678803955E-04   1.4682428286E-03  -3.4646330985E-04
   32      7.1960368396E-03  -3.2890805907E-03   2.4328941963E-03  -3.1969803845E-04   1.1613766252E-04
   33     -6.0795278920E-02   3.7486860458E-02  -5.5687992259E-03   7.7838544646E-05  -4.5750767205E-05
   34      3.8707703710E-02  -3.2580836350E-01   6.2458847512E-02  -3.7849239593E-05  -2.3959166158E-05
   35     -5.8339915846E-03   6.2494326997E-02  -5.1197878157E-02  -8.9694769761E-05  -1.5999352438E-04
   36      1.0337277583E-02   1.6930631142E-03  -1.0484625840E-03   1.9737307929E-03  -7.4910121726E-04
   37      8.9891167593E-03  -2.8065053058E-03   6.8314025851E-04  -2.8607644485E-04   7.5343037133E-04
   38     -2.8831109542E-03   1.7346085932E-03   5.3471192563E-03  -6.4723215064E-04  -8.2801112412E-04
   39      2.5108919848E-03  -4.6101831019E-04  -1.0835036055E-04   5.7622734999E-04  -1.4602936819E-04
   40     -4.5283150008E-04  -8.9173720652E-05  -5.5384205817E-05   1.6744104087E-04  -6.8940105979E-05
   41     -3.4319833170E-04  -6.7080582132E-05  -6.0084217765E-04  -7.2478743425E-05   1.1988476351E-04
   42      3.4238628643E-03  -8.1775343241E-03   1.9829853674E-03  -2.1671845848E-04  -2.4661073003E-04
   43     -1.1205657060E-03  -2.5363789164E-03   1.6262882800E-03   1.1405524628E-04   1.6408509834E-06
   44      3.2431833915E-04   2.5838993882E-03   3.1968276445E-03  -1.7162213351E-07   1.6809463011E-05
   45     -7.4046124060E-03  -2.4536751993E-03   1.7168236185E-03  -5.4261944663E-04  -3.1864466482E-04
   46      1.0359757249E-02  -1.8774673354E-03  -7.2768048605E-04  -7.1198259164E-04  -4.5816104188E-04
   47     -1.3168792359E-03   1.0484074747E-03   1.0793810854E-03   1.6144564374E-04  -1.3804890074E-05
                   20                 21                 22                 23                 24        
    0     -1.3148759775E-03  -5.7802055387E-03   2.3227527292E-04   1.0463449897E-03  -2.9976252048E-01
    1      6.8524489211E-03  -3.3265864845E-03  -1.1144028175E-04   1.0321451580E-03   1.0566867979E-01
    2      1.1226742126E-03   1.9990886198E-03   5.4920394940E-04   1.9223295502E-03   1.0474391570E-02
    3     -5.2190242934E-03   8.2766733648E-03   1.3243243930E-03  -1.1508382886E-03  -1.5796806861E-02
    4      6.3068390178E-02  -6.0664282880E-03   1.2912806830E-04   1.3544260445E-03   9.6843042704E-03
    5     -4.9208534719E-02   6.6245298928E-04   3.7037069112E-04   2.2302099166E-03   4.3503690188E-04
    6      2.3324437358E-03   1.0833576016E-02  -1.7182214178E-03  -1.1679929988E-03  -2.1940649010E-04
    7      1.5274798440E-03   8.4104164403E-03  -2.3472101834E-04  -1.1120573675E-03   2.2095975677E-03
    8      7.0005001094E-03  -3.2268082917E-03   2.9719647035E-04   4.8590106539E-04   9.6898640998E-05
    9      9.7499469918E-04  -9.3748261530E-02  -1.0449511584E-02   1.3436339623E-02  -3.8172139045E-04
   10     -9.5377206626E-04   1.6915160478E-02  -8.6090432109E-03  -4.1645924270E-03  -2.6176059411E-03
   11      3.9686036364E-03   6.9254978245E-03  -2.9370362835E-04  -1.6965935506E-02   1.8208264567E-03
   12      8.4651176102E-04   1.8249473094E-02  -1.0389331777E-02   4.7653204730E-05   3.1104987869E-04
   13      6.2759466106E-04   1.5621579068E-02  -2.9280752717E-03  -1.2656983160E-03  -8.3177180920E-04
   14      5.1873880995E-03  -5.9200347386E-03   2.4014445908E-03   8.5379970569E-04  -5.4828098416E-05
   15      4.6866261383E-05  -7.0008784842E-03   2.5715325416E-03   5.3869040986E-04   1.4307216464E-03
   16     -2.6005625592E-04   4.1915370091E-05  -6.0403902418E-04   4.1622427754E-04  -1.1741605188E-05
   17     -9.9124287007E-04   7.5053357695E-04   3.3678773821E-05   1.0824624828E-03   4.5779022624E-04
   18      3.8758622926E-03  -6.4748129001E-04  -1.9396445139E-04   3.6746249935E-05   9.7144847082E-04
   19     -6.9182698356E-02   5.7951616485E-05   3.3055863621E-04  -2.4141768507E-04   1.2170765007E-04
   20      4.0607479350E-02   1.2894315599E-05  -2.2694352081E-04  -6.7179471349E-04  -8.4772668136E-04
   21      1.2894315599E-05   1.7285557217E+00   2.6283531435E-02  -2.3482117813E-01  -1.6894452866E-04
   22     -2.2694352081E-04   2.6283531435E-02   1.3739978388E-01  -1.0126372744E-02   2.4294628906E-05
   23     -6.7179471349E-04  -2.3482117813E-01  -1.0126372744E-02   1.4691669898E-01  -2.5346893390E-05
   24     -8.4772668136E-04  -1.6894452866E-04   2.4294628906E-05  -2.5346893390E-05   3.1826853149E-01
   25     -1.2201438612E-03  -3.9735888512E-04  -7.3312036493E-05  -9.6363094880E-06  -1.1133738087E-01
   26     -4.2406722741E-03   1.1886216607E-04  -6.0140193441E-05  -3.4197115591E-04  -1.3219361100E-02
   27     -3.2974081397E-04  -1.3232240703E-02   1.3647430695E-03   1.5865034849E-03  -2.2409557948E-03
   28      7.3365573490E-04  -9.8445386339E-03   1.0299456845E-03   1.0240916678E-03   4.9682568045E-04
   29      9.8713760651E-04   3.8637218831E-03  -5.3219325405E-04  -8.7369157682E-04  -3.4073317040E-04
   30     -1.8024523309E-05   7.0400476866E-04   4.5573156559E-04  -2.5517824713E-04  -8.5116760534E-06
   31     -5.7658746236E-05  -1.0992287275E-03  -8.4168894542E-04   2.1621525350E-04  -4.7768135799E-06
   32      1.8575954801E-04   1.8679730214E-04  -4.7083799739E-05  -7.8248349384E-04  -9.9870093422E-05
   33     -9.5064408915E-05   1.1116410404E-03  -3.0686469637E-04  -1.0339605261E-04   1.3295953718E-04
   34     -5.3677440686E-05   4.2856615182E-04  -1.2407923833E-04  -4.6758239600E-05  -7.2228314262E-05
   35     -6.3059316205E-04  -2.5497521916E-04   5.2959660697E-05  -7.8463086956E-05   9.3707556214E-05
   36     -4.7816765214E-04  -7.5443492940E-01   2.3979646065E-02   9.4656583230E-02  -9.7630392940E-04
   37     -8.6627748973E-04  -1.4934894794E-02  -6.0781236922E-02   6.8320089575E-03   1.7041024800E-04
   38     -3.0074728302E-03   1.0361582815E-01   1.3059100003E-03  -5.5878240027E-02   8.3559207750E-05
   39     -2.4891835394E-05  -9.0075927613E-01  -3.2474703691E-02   1.2719546855E-01  -1.9222058109E-04
   40      7.9715663117E-05  -3.9394545153E-02  -6.4025211910E-02   6.9488531578E-03  -3.9315392122E-05
   41      3.4088212510E-04   1.2889043372E-01   5.9834602317E-03  -7.8311790064E-02   4.5741155417E-05
   42      1.6751536568E-04   6.8919169762E-03  -5.5119039327E-04  -8.7910006018E-04  -1.5407178079E-03
   43     -6.2316188684E-05  -1.8926620827E-04  -2.4771803028E-05   5.3703873326E-05  -4.1650998461E-03
   44     -3.0047088879E-05  -9.1772088912E-04   9.3907843694E-05   1.7561448062E-04   1.2075081764E-03
   45      8.8356627236E-05   1.8024665146E-03  -1.4505514808E-04  -2.3560365961E-04   1.6203486406E-04
   46     -2.8460322881E-05   6.5522852979E-03  -6.2589005158E-04  -7.6108087307E-04   4.2003539296E-04
   47     -5.9555395345E-04  -1.8529997835E-03   1.7691749616E-04   2.4509289040E-04  -6.5875620691E-05
                   25                 26                 27                 28                 29        
    0      1.0490757768E-01   1.0662546544E-02   3.5423872777E-03  -3.2756331459E-02   6.7168319576E-03
    1     -9.9512021122E-02   1.5935157921E-04  -2.9354025092E-02  -2.7608139177E-02   9.6222295228E-03
    2      3.2539629276E-04  -3.9069654995E-02   5.9136976319E-03   1.0146003157E-02  -6.5991554480E-03
    3     -1.8299737877E-02   7.0141421775E-03   1.1465588091E-02   8.8791198943E-03  -2.5015299078E-03
    4      1.1307107694E-02  -2.9602366977E-03   6.5150885498E-03  -5.2391990817E-03   2.3329224685E-03
    5      8.0658804354E-04   3.9759569635E-03  -1.9633410517E-03   2.0072512667E-03   8.3864137751E-03
    6      2.8040995029E-02  -6.0290671165E-03  -1.0754708953E-01   7.9567493486E-04   3.4705474532E-03
    7     -5.9883888198E-03   2.1404830751E-03   1.0473379200E-03  -1.0567262494E-01   6.0123780217E-03
    8     -1.4624606213E-03   4.3888041345E-03   3.4986281928E-03   6.1210611217E-03  -8.1427127750E-02
    9     -2.2307825134E-03   1.6963851567E-03  -1.0613132860E-02  -3.9312706402E-03   2.2182130780E-03
   10     -1.2651414504E-03   2.6624348403E-03  -3.4942452147E-03  -7.8179553761E-03   2.0516020497E-03
   11      2.5957868096E-03   7.6690839008E-03   2.2008925679E-03   2.1767544812E-03  -1.9926248018E-03
   12     -8.5244266678E-04  -2.6881837603E-05  -2.4439929474E-04   9.8733222784E-03  -1.1760992630E-03
   13     -5.3837993197E-04  -8.9763237564E-05   1.1799016780E-02   5.9540124341E-03  -1.0131467208E-03
   14     -5.7625683010E-05  -1.3121292011E-03  -1.7768528819E-03  -8.2110594375E-04   8.8856621752E-03
   15     -4.8380694378E-04   6.3936860111E-04  -4.3282641614E-02  -1.5935185925E-02   9.0699692213E-03
   16     -5.6155749418E-03   2.4839249291E-03  -1.9807615165E-02   1.7221706687E-02  -2.2351860877E-03
   17      2.5794960094E-03   4.3935637285E-03   9.9537429882E-03  -2.6097623031E-03  -4.2152148460E-03
   18      2.7010480681E-04  -8.2806297423E-04   1.1194093488E-03  -1.2146002181E-03   2.8377455056E-04
   19      4.9504568251E-04  -1.2354742036E-03   8.0314263277E-04  -2.5889691979E-04   2.3991030429E-04
   20     -1.2201438612E-03  -4.2406722741E-03  -3.2974081397E-04   7.3365573490E-04   9.8713760651E-04
   21     -3.9735888512E-04   1.1886216607E-04  -1.3232240703E-02  -9.8445386339E-03   3.8637218831E-03
   22     -7.3312036493E-05  -6.0140193441E-05   1.3647430695E-03   1.0299456845E-03  -5.3219325405E-04
   23     -9.6363094880E-06  -3.4197115591E-04   1.5865034849E-03   1.0240916678E-03  -8.7369157682E-04
   24     -1.1133738087E-01  -1.3219361100E-02  -2.2409557948E-03   4.9682568045E-04  -3.4073317040E-04
   25      1.0040759627E-01  -2.4377198916E-03   3.6058942936E-03  -8.3072694272E-04  -1.3164360754E-03
   26     -2.4377198916E-03   2.8025005699E-02  -1.1497803842E-03  -8.7827043216E-04  -3.8853257717E-03
   27      3.6058942936E-03  -1.1497803842E-03   7.0968865237E-01  -1.4048688051E-01  -3.1217258600E-02
   28     -8.3072694272E-04  -8.7827043216E-04  -1.4048688051E-01   7.6188195427E-01  -1.0516825073E-01
   29     -1.3164360754E-03  -3.8853257717E-03  -3.1217258600E-02  -1.0516825073E-01   2.5996936251E-01
   30      5.0200385309E-06  -9.3635660014E-05  -2.9432358846E-04   1.3317258316E-03  -9.6228207360E-05
   31      3.9597806125E-05  -1.7262985931E-04  -6.7279026181E-04   1.1268692059E-03   7.4682365005E-05
   32     -1.6859852420E-04  -6.3940451978E-04   3.5079046862E-04  -2.1014063687E-04   1.1024558083E-03
   33      1.5527204451E-03  -2.8425880224E-04   4.0660894287E-04   2.7990620550E-03  -1.2739448353E-03
   34     -2.7662180623E-04   2.2797997140E-04  -2.2149118898E-04  -3.2833684448E-03  -1.4006992555E-04
   35      2.5669117772E-05   6.7621501875E-04  -4.7226820359E-04  -8.0184814782E-04  -3.9578714764E-03
   36     -1.1022926326E-03   3.7317698659E-04   1.2879205382E-02   9.6307523156E-03  -4.0578867416E-03
   37      1.2326036026E-04  -6.4282851056E-05   3.7235415177E-03   2.6922810405E-03  -1.3991572451E-03
   38      1.0769911044E-04  -1.0564111992E-04  -2.7672619720E-03  -2.2638837842E-03  -2.5779768234E-04
   39     -1.2666539833E-04   3.8815380617E-05   7.8275338092E-03   5.7632273871E-03  -2.2813566899E-03
   40     -2.1116996161E-05   2.7196128307E-05  -9.9442878744E-05   1.2596244992E-04   5.3732543715E-05
   41      4.1509835182E-05   6.7591710747E-05  -1.0948323328E-03  -7.2815717836E-04   5.8854372195E-04
   42     -2.8222119351E-03   8.8197186096E-04  -4.3520344588E-01   1.2763243477E-01   1.8340874011E-02
   43      4.4339210879E-04   5.2377590143E-04   1.2044487805E-01  -1.7750475805E-01   7.2475561876E-03
   44      3.1788603191E-04  -1.0119066451E-05   2.0037147762E-02   6.2035578500E-03  -8.0878766638E-02
   45     -7.2895327643E-04   2.0724598711E-04  -1.3452073970E-01   3.6695058943E-02  -9.3412253699E-04
   46      1.4058032961E-03  -3.1016089746E-04   4.3885944440E-02  -4.6151267261E-01   8.4211790711E-02
   47     -1.4554016937E-04   4.1810721806E-04  -2.6302755452E-03   8.5115769599E-02  -9.5955031886E-02
                   30                 31                 32                 33                 34        
    0      3.4993586004E-04  -8.4206911212E-04   2.1095058381E-05  -5.7504813394E-03   2.1081667765E-03
    1     -4.6693600447E-04  -8.0364641299E-04   3.4465019681E-05   1.5954700708E-03   1.0834051863E-03
    2     -6.4082146183E-05   5.5518836942E-05  -1.0400662317E-03   1.0737934088E-03   6.0752914051E-04
    3      1.6858650387E-03  -3.3129422498E-04   5.9529957956E-04  -8.7417676028E-04  -4.0447239446E-04
    4      4.9814473721E-04  -5.2238378191E-03   2.4380026015E-03  -5.1855717149E-04   5.8548172966E-04
    5      3.7797528936E-04   2.5468417288E-03   4.7298334003E-03   4.9959531915E-05  -4.2612887529E-04
    6     -7.7064119876E-04  -2.5903287878E-03   1.7597083681E-03   2.3994401813E-03   1.4667226112E-03
    7     -3.6386147477E-03  -1.3843873156E-03   2.6023552527E-03   2.7231959757E-02  -8.3053088290E-03
    8      2.0368931503E-03   2.4677032857E-03   6.8466752458E-03  -6.1849174518E-03   2.6980888482E-03
    9     -2.6013936880E-03   2.8840847273E-02  -5.9623955071E-03  -3.0380924356E-03  -1.9024250856E-03
   10     -2.7636150266E-03  -8.5487793708E-03   3.2135684425E-03  -1.7497143167E-03   1.2209787512E-03
   11      1.4990984879E-03  -1.0603896197E-03   3.6927085006E-03   1.9671753214E-03   1.9664687652E-03
   12     -2.9313411003E-01   1.0269529581E-01   1.0826600241E-02   6.9607010106E-03   3.1175830727E-03
   13      1.0396306518E-01  -9.9795817605E-02   1.3307940950E-03  -2.4609268163E-02  -1.0533425919E-02
   14      1.0551034249E-02   1.4611052099E-03  -3.5961720120E-02   5.4253505310E-03   3.0793175748E-03
   15     -1.8213064731E-02  -1.8635037772E-02   7.1960368396E-03  -6.0795278920E-02   3.8707703710E-02
   16      1.0356119058E-02   1.0670247592E-02  -3.2890805907E-03   3.7486860458E-02  -3.2580836350E-01
   17      3.5790742681E-04   6.5678803955E-04   2.4328941963E-03  -5.5687992259E-03   6.2458847512E-02
   18     -3.7149543260E-05   1.4682428286E-03  -3.1969803845E-04   7.7838544646E-05  -3.7849239593E-05
   19     -4.8708244962E-06  -3.4646330985E-04   1.1613766252E-04  -4.5750767205E-05  -2.3959166158E-05
   20     -1.8024523309E-05  -5.7658746236E-05   1.8575954801E-04  -9.5064408915E-05  -5.3677440686E-05
   21      7.0400476866E-04  -1.0992287275E-03   1.8679730214E-04   1.1116410404E-03   4.2856615182E-04
   22      4.5573156559E-04  -8.4168894542E-04  -4.7083799739E-05  -3.0686469637E-04  -1.2407923833E-04
   23     -2.5517824713E-04   2.1621525350E-04  -7.8248349384E-04  -1.0339605261E-04  -4.6758239600E-05
   24     -8.5116760534E-06  -4.7768135799E-06  -9.9870093422E-05   1.3295953718E-04  -7.2228314262E-05
   25      5.0200385309E-06   3.9597806125E-05  -1.6859852420E-04   1.5527204451E-03  -2.7662180623E-04
   26     -9.3635660014E-05  -1.7262985931E-04  -6.3940451978E-04  -2.8425880224E-04   2.2797997140E-04
   27     -2.9432358846E-04  -6.7279026181E-04   3.5079046862E-04   4.0660894287E-04  -2.2149118898E-04
   28      1.3317258316E-03   1.1268692059E-03  -2.1014063687E-04   2.7990620550E-03  -3.2833684448E-03
   29     -9.6228207360E-05   7.4682365005E-05   1.1024558083E-03  -1.2739448353E-03  -1.4006992555E-04
   30      3.1057197671E-01  -1.0888722826E-01  -1.3189247423E-02   9.3556482661E-04   1.7778488949E-04
   31     -1.0888722826E-01   1.0263855922E-01  -3.6944726466E-03   2.0432805778E-04   5.5542034159E-04
   32     -1.3189247423E-02  -3.6944726466E-03   2.6651497276E-02  -8.0856190360E-04  -1.2433192697E-03
   33      9.3556482661E-04   2.0432805778E-04  -8.0856190360E-04   6.0428008255E-02  -3.8835260241E-02
   34      1.7778488949E-04   5.5542034159E-04  -1.2433192697E-03  -3.8835260241E-02   3.4481300035E-01
   35     -7.9194360424E-04  -1.2503868411E-03  -4.2554399169E-03   4.2849732913E-03  -6.9617532381E-02
   36      1.8504804586E-03   1.0507811962E-03  -9.5781884981E-04  -8.7957547857E-04  -3.4199663529E-04
   37     -4.8322959843E-04   2.5393828919E-03  -1.2873615417E-03  -1.2765564787E-03  -6.1936561697E-04
   38     -5.6578128129E-04  -1.5285978887E-03  -2.7871234403E-03   3.8841028300E-04   1.4149357826E-04
   39     -1.4683624454E-04  -5.0045158009E-04   2.0735993760E-04  -6.2203462145E-04  -1.8781600741E-04
   40     -2.1744997579E-05  -1.5423774144E-04   1.5667481370E-04   6.1876836382E-05   2.5371299078E-05
   41      1.0093187332E-04   2.2696295524E-04   4.5625176605E-04   7.6654480383E-05   1.7947159391E-05
   42     -8.0959341504E-04  -7.4238764004E-04   2.0041061901E-04   1.2513925681E-03   8.1957197887E-05
   43     -2.7751482181E-04  -2.6715037337E-04  -3.1214195646E-05  -1.0297769873E-03   3.8316026904E-04
   44      8.8660109568E-05   2.6445444088E-05  -6.0059230792E-04   1.1908034960E-04  -2.1687914497E-05
   45     -9.7434321801E-05   4.4635240408E-05  -4.4826977923E-06  -1.7313280040E-03  -4.1742496565E-03
   46     -3.1768641437E-04  -1.7292400868E-04   8.3303407638E-05  -2.5737385011E-03   4.9437934912E-04
   47      8.6539243366E-05   2.9328687646E-05  -3.9565014525E-05   9.0680576799E-04   5.2392374131E-04
                   35                 36                 37                 38                 39        
    0      9.5462313326E-04   1.5226162970E-03   2.8953779727E-03  -1.5143987559E-04   2.0937440593E-03
    1      7.4216358295E-04   1.1545751385E-02   5.7938444634E-04  -5.0984513918E-04   2.7792044599E-03
    2      4.6879285916E-03  -2.1675612237E-03   7.7404747318E-04   5.5618520114E-03  -1.1617781597E-03
    3      1.8608319355E-05  -5.6908673676E-02  -4.4208313891E-03   9.4208577630E-03  -5.6293836760E-03
    4     -4.1589827940E-04  -2.7285151251E-02   1.0075796396E-02   2.3864345657E-03  -2.2794156205E-03
    5     -1.3249620259E-03   1.4860306771E-02  -7.0062419457E-04   2.5201497296E-03   1.2836612165E-03
    6     -1.0949811243E-04  -1.1488775551E-02  -4.8337727015E-03   2.6741133595E-03  -5.5069299581E-03
    7     -7.3128681963E-04  -8.2981025590E-03  -1.2204390693E-03   1.3183729686E-03  -5.0362737845E-03
    8      4.1518377221E-03   3.3092658354E-03   8.1839293562E-04  -1.2538228346E-03   1.8561566904E-03
    9      1.9913777416E-03  -1.6231571588E-01  -8.3128073513E-02   3.7589997417E-02   3.1154743242E-02
   10      1.9505555358E-03  -1.1849825786E-01  -1.3314351339E-01   4.0354906392E-02   6.6304467182E-03
   11      7.7766570948E-03   4.5731726646E-02   3.5321940347E-02  -4.5988794257E-02  -4.7416814900E-03
   12     -1.0746969928E-03  -1.7799088830E-02  -3.8601155360E-02   1.2699136771E-02  -7.2681737877E-03
   13      6.8348963667E-03  -2.6343904461E-02  -3.3513235877E-02   1.3401481575E-02  -3.5181237408E-03
   14      2.8068798220E-03   9.6687933362E-03   1.5025190567E-02   2.9890540471E-03   1.7389160568E-03
   15     -5.8339915846E-03   1.0337277583E-02   8.9891167593E-03  -2.8831109542E-03   2.5108919848E-03
   16      6.2494326997E-02   1.6930631142E-03  -2.8065053058E-03   1.7346085932E-03  -4.6101831019E-04
   17     -5.1197878157E-02  -1.0484625840E-03   6.8314025851E-04   5.3471192563E-03  -1.0835036055E-04
   18     -8.9694769761E-05   1.9737307929E-03  -2.8607644485E-04  -6.4723215064E-04   5.7622734999E-04
   19     -1.5999352438E-04  -7.4910121726E-04   7.5343037133E-04  -8.2801112412E-04  -1.4602936819E-04
   20     -6.3059316205E-04  -4.7816765214E-04  -8.6627748973E-04  -3.0074728302E-03  -2.4891835394E-05
   21     -2.5497521916E-04  -7.5443492940E-01  -1.4934894794E-02   1.0361582815E-01  -9.0075927613E-01
   22      5.2959660697E-05   2.3979646065E-02  -6.0781236922E-02   1.3059100003E-03  -3.2474703691E-02
   23     -7.8463086956E-05   9.4656583230E-02   6.8320089575E-03  -5.5878240027E-02   1.2719546855E-01
   24      9.3707556214E-05  -9.7630392940E-04   1.7041024800E-04   8.3559207750E-05  -1.9222058109E-04
   25      2.5669117772E-05  -1.1022926326E-03   1.2326036026E-04   1.0769911044E-04  -1.2666539833E-04
   26      6.7621501875E-04   3.7317698659E-04  -6.4282851056E-05  -1.0564111992E-04   3.8815380617E-05
   27     -4.7226820359E-04   1.2879205382E-02   3.7235415177E-03  -2.7672619720E-03   7.8275338092E-03
   28     -8.0184814782E-04   9.6307523156E-03   2.6922810405E-03  -2.2638837842E-03   5.7632273871E-03
   29     -3.9578714764E-03  -4.0578867416E-03  -1.3991572451E-03  -2.5779768234E-04  -2.2813566899E-03
   30     -7.9194360424E-04   1.8504804586E-03  -4.8322959843E-04  -5.6578128129E-04  -1.4683624454E-04
   31     -1.2503868411E-03   1.0507811962E-03   2.5393828919E-03  -1.5285978887E-03  -5.0045158009E-04
   32     -4.2554399169E-03  -9.5781884981E-04  -1.2873615417E-03  -2.7871234403E-03   2.0735993760E-04
   33      4.2849732913E-03  -8.7957547857E-04  -1.2765564787E-03   3.8841028300E-04  -6.2203462145E-04
   34     -6.9617532381E-02  -3.4199663529E-04  -6.1936561697E-04   1.4149357826E-04  -1.8781600741E-04
   35      4.1282821297E-02   1.5555062328E-04   2.4370079853E-04  -3.4839438396E-04   1.2316679889E-04
   36      1.5555062328E-04   1.0798706778E+00   1.1690761919E-01  -1.7341053674E-01  -9.6042869421E-02
   37      2.4370079853E-04   1.1690761919E-01   1.8800937706E-01  -5.1575222524E-02   1.7960966308E-02
   38     -3.4839438396E-04  -1.7341053674E-01  -5.1575222524E-02   7.3631191771E-02   1.2238799978E-02
